8
bacterial1 0.0 0.7376725086539311 0.5868051478293675 0.7619221458288366 0.6307176413938674 0.8215720307463347 0.7393042660415988 1.0136844766923043 
bacterial2 0.7376725086539311 0.0 0.698454615013307 0.9337694403630337 0.693023670961173 0.616593418774947 0.830385136308864 0.7538281414816622 
bacterial3 0.5868051478293675 0.698454615013307 0.0 0.7578051587881816 0.611028935826604 0.7399709928279474 0.8044019771315787 0.921137345519897 
bacterial4 0.7619221458288366 0.9337694403630337 0.7578051587881816 0.0 0.8035624088234977 1.0070574287473348 0.8142873634743317 1.1440427688699817 
mamalian1 0.6307176413938674 0.693023670961173 0.611028935826604 0.8035624088234977 0.0 0.7280187634854371 0.7230975359957883 0.9188190153732334 
mamalian2 0.8215720307463347 0.616593418774947 0.7399709928279474 1.0070574287473348 0.7280187634854371 0.0 0.8891754692835534 0.629011361129176 
mamalian3 0.7393042660415988 0.830385136308864 0.8044019771315787 0.8142873634743317 0.7230975359957883 0.8891754692835534 0.0 1.0399216238680566 
mamalian4 1.0136844766923043 0.7538281414816622 0.921137345519897 1.1440427688699817 0.9188190153732334 0.629011361129176 1.0399216238680566 0.0 

