8
bacterial1 0.0 0.3205744789495266 0.1918900630988613 0.3175925895169624 0.21661929215554723 0.43712748438696786 0.3393677673507735 0.5994245649633837 
bacterial2 0.3205744789495266 0.0 0.2948200009821836 0.5259780714601437 0.28100633789351975 0.19935226405246687 0.4502771492805106 0.3295278633125048 
bacterial3 0.1918900630988613 0.2948200009821836 0.0 0.3633827864216753 0.22322134807873986 0.3799291984643356 0.4296584148592568 0.5275820866567021 
bacterial4 0.3175925895169624 0.5259780714601437 0.3633827864216753 0.0 0.4262376657651217 0.6352955069689518 0.4104091248115135 0.7302161524267132 
mamalian1 0.21661929215554723 0.28100633789351975 0.22322134807873986 0.4262376657651217 0.0 0.3657752708977159 0.3599473890136094 0.5288239978884675 
mamalian2 0.43712748438696786 0.19935226405246687 0.3799291984643356 0.6352955069689518 0.3657752708977159 0.0 0.5504254072109476 0.22250427061497163 
mamalian3 0.3393677673507735 0.4502771492805106 0.4296584148592568 0.4104091248115135 0.3599473890136094 0.5504254072109476 0.0 0.6546765897236749 
mamalian4 0.5994245649633837 0.3295278633125048 0.5275820866567021 0.7302161524267132 0.5288239978884675 0.22250427061497163 0.6546765897236749 0.0 

