8
bacterial1 0.0 0.39830088143528725 0.2614628949142224 0.35467994121238455 0.3319820682617914 0.4588066137586904 0.2944933785347338 0.6223495638662733 
bacterial2 0.39830088143528725 0.0 0.35229431782173215 0.5538614250088592 0.4072901915188832 0.26509664761910057 0.46657663325358595 0.3547914392988385 
bacterial3 0.2614628949142224 0.35229431782173215 0.0 0.37178303905585025 0.3434740129151864 0.38037528664970777 0.44251133937314807 0.5276143834780683 
bacterial4 0.35467994121238455 0.5538614250088592 0.37178303905585025 0.0 0.480445997558687 0.6101329521059704 0.40343390702016063 0.7026228705520001 
mamalian1 0.3319820682617914 0.4072901915188832 0.3434740129151864 0.480445997558687 0.0 0.40366676919249284 0.42015036148104384 0.5688515264664111 
mamalian2 0.4588066137586904 0.26509664761910057 0.38037528664970777 0.6101329521059704 0.40366676919249284 0.0 0.5585005864111345 0.25555039250350403 
mamalian3 0.2944933785347338 0.46657663325358595 0.44251133937314807 0.40343390702016063 0.42015036148104384 0.5585005864111345 0.0 0.6658946697934728 
mamalian4 0.6223495638662733 0.3547914392988385 0.5276143834780683 0.7026228705520001 0.5688515264664111 0.25555039250350403 0.6658946697934728 0.0 

